---
build/images/abacus_custom.jpg: 2019-11-07 11:20:20.440004133 -05:00
build/images/red_abacus.jpg: 2019-11-16 21:36:59.148039351 -05:00
build/images/girl.jpg: 2019-11-07 11:20:19.718836473 -05:00
build/images/abacus.jpg: 2019-04-16 22:26:13.149311445 -04:00
build/images/generator_background.png: 2019-04-16 22:26:13.152323978 -04:00
build/images/f_logo_RGB-White_250.png: 2019-11-16 21:37:04.691430385 -05:00
build/images/course_background.jpg: 2019-04-16 22:26:13.151412691 -04:00
