---
build/images/abacus.jpg: 2019-04-16 22:26:13.149311445 -04:00
build/images/generator_background.png: 2019-04-16 22:26:13.152323978 -04:00
build/images/course_background.jpg: 2019-04-16 22:26:13.151412691 -04:00
