---
build/images/abacus_angle.png: 2019-11-07 11:20:34.905522569 -05:00
build/images/abacus_custom.jpg: 2019-11-07 11:20:20.440004133 -05:00
build/images/girl.jpg: 2019-11-07 11:20:19.718836473 -05:00
build/images/abacus.jpg: 2019-04-16 22:26:13.149311445 -04:00
build/images/abacus.png: 2019-11-07 11:20:33.290417435 -05:00
build/images/generator_background.png: 2019-04-16 22:26:13.152323978 -04:00
build/images/yellow_abacus.jpg: 2019-11-07 11:20:46.880692991 -05:00
build/images/course_background.jpg: 2019-04-16 22:26:13.151412691 -04:00
