---
build/images/abacus.jpg: 2019-04-16 21:31:30.340725460 -04:00
build/images/generator_background.png: 2019-04-16 21:31:28.169899263 -04:00
build/images/course_background.jpg: 2019-04-16 21:31:28.503301160 -04:00
